[gd_scene load_steps=13 format=2]

[ext_resource path="res://PostProcessing.shader" type="Shader" id=2]
[ext_resource path="res://ditherTextures/WhiteNoiseDithering.png" type="Texture" id=3]
[ext_resource path="res://pallets/lofi.png" type="Texture" id=4]

[sub_resource type="ViewportTexture" id=10]
viewport_path = NodePath("ViewportContainer/Color")

[sub_resource type="ShaderMaterial" id=9]
resource_local_to_scene = true
shader = ExtResource( 2 )
shader_param/palletDisabled = false
shader_param/palletCount = 8
shader_param/hsvAdjust = Vector3( 0.5, 1, 1 )
shader_param/renderMode = 2
shader_param/ditherType = -1
shader_param/ditherRes = 100.0
shader_param/preferSmallest = true
shader_param/resolution = Vector2( 1280, 720 )
shader_param/useOriginalAlpha = false
shader_param/mainCameraTexture = SubResource( 10 )
shader_param/pallet = ExtResource( 4 )
shader_param/ditherTexture = ExtResource( 3 )

[sub_resource type="Environment" id=14]
background_mode = 1

[sub_resource type="SphereMesh" id=13]

[sub_resource type="Animation" id=11]
resource_name = "spinTest"
length = 5.0
loop = true
tracks/0/type = "value"
tracks/0/path = NodePath(".:rotation_degrees")
tracks/0/interp = 1
tracks/0/loop_wrap = true
tracks/0/imported = false
tracks/0/enabled = true
tracks/0/keys = {
"times": PoolRealArray( 0, 5 ),
"transitions": PoolRealArray( 1, 1 ),
"update": 0,
"values": [ Vector3( 32.69, 360, -20.359 ), Vector3( 32.69, 0, -20.359 ) ]
}

[sub_resource type="CubeMesh" id=6]

[sub_resource type="SpatialMaterial" id=12]
albedo_color = Color( 0.980392, 0.152941, 0.0156863, 1 )

[sub_resource type="ProceduralSky" id=7]

[sub_resource type="Environment" id=8]
background_mode = 2
background_sky = SubResource( 7 )

[node name="Spatial" type="Spatial"]

[node name="ViewportContainer" type="ViewportContainer" parent="."]
material = SubResource( 9 )
anchor_right = 1.0
anchor_bottom = 1.0
__meta__ = {
"_edit_lock_": true,
"_edit_use_anchors_": false
}

[node name="Color" type="Viewport" parent="ViewportContainer"]
size = Vector2( 1280, 720 )
handle_input_locally = false
render_target_update_mode = 3

[node name="Camera" type="Camera" parent="ViewportContainer/Color"]
transform = Transform( 0.402781, -0.162838, 0.900695, 0, 0.984047, 0.177907, -0.915296, -0.0716577, 0.396356, 3.52693, 0.724429, 2.86356 )
current = true

[node name="RemoteTransform" type="RemoteTransform" parent="ViewportContainer/Color/Camera"]
remote_path = NodePath("../../../Mode/Camera")

[node name="Mode" type="Viewport" parent="ViewportContainer"]
size = Vector2( 1280, 720 )
handle_input_locally = false
render_target_update_mode = 3

[node name="Camera" type="Camera" parent="ViewportContainer/Mode"]
transform = Transform( 0.402781, -0.162838, 0.900695, 0, 0.984047, 0.177907, -0.915296, -0.0716577, 0.396356, 3.52693, 0.724429, 2.86356 )
cull_mask = 1024
environment = SubResource( 14 )
current = true

[node name="MeshInstance4" type="MeshInstance" parent="ViewportContainer/Mode"]
transform = Transform( 0.999998, 0.00151861, 0.00101183, -0.00151978, 0.999998, 0.00116277, -0.00101008, -0.00116429, 0.999999, 0, 0, 2.75909 )
layers = 1024
mesh = SubResource( 13 )
material/0 = null

[node name="Spatial" type="Spatial" parent="."]
transform = Transform( -0.371215, -0.614344, -0.696262, -0.292795, 0.789031, -0.540093, 0.881175, 0.00337136, -0.472777, 0, 0, 0 )

[node name="SpotLight" type="SpotLight" parent="Spatial"]
transform = Transform( -0.778974, -0.28191, 0.560112, 0.000880545, 0.892749, 0.450554, -0.627055, 0.351463, -0.69518, 7.80121, 6.54641, -8.95911 )
spot_range = 32.09

[node name="AnimationPlayer" type="AnimationPlayer" parent="Spatial"]
autoplay = "spinTest"
anims/spinTest = SubResource( 11 )

[node name="MeshInstance2" type="MeshInstance" parent="."]
mesh = SubResource( 6 )
material/0 = SubResource( 12 )

[node name="WorldEnvironment" type="WorldEnvironment" parent="."]
environment = SubResource( 8 )
